layout_spectrum: 0.08602151
typography_spectrum: 0.2383513
color:
  saturation: 0.3386076
  lightness: 0.938284
  brandStrength: 0.4718022
  rhythmicContrast: 0.209505
name: Tgoh
